192453670 195516222 195564227 195612221 195660226 195708229 195756223 195804228
124004229 195516702 195564707 195612701 195660706 195708709 195756703 195804708
100410553 195517180 195565185 195613180 195661184 195709187 195757181 195805186
177565551 195517660 195565665 195613660 195661664 195709667 195757661 195805666
115021485 195518144 195566149 195614143 195662148 195710142 195758145 195806140
117309222 195518624 195566629 195614623 195662628 195710622 195758625 195806620
150065809 195519108 195567102 195615107 195663101 195711106 195759109 195807103
107894203 195519582 195567587 195615581 195663586 195711580 195759583 195807588
141980125 195520068 195568060 195616065 195664060 195712064 195760069 195808061
152114947 195520548 195568540 195616545 195664540 195712544 195760549 195808541
162817533 195521021 195569024 195617029 195665023 195713028 195761022 195809025
101775962 195521501 195569504 195617509 195665503 195713508 195761502 195809505
141867493 195521986 195569989 195617983 195665988 195713982 195761987 195809980
164802037 195522460 195570464 195618467 195666461 195714466 195762460 195810465
125337922 195522940 195570944 195618947 195666941 195714946 195762940 195810945
104908289 195523423 195571428 195619420 195667425 195715420 195763424 195811429
124893988 195523903 195571908 195619900 195667905 195715900 195763904 195811909
106690132 195524381 195572386 195620380 195668383 195716388 195764382 195812387
141043237 195524861 195572866 195620860 195668863 195716868 195764862 195812867
186673450 195525345 195573340 195621344 195669347 195717341 195765346 195813340
172585848 195525825 195573820 195621824 195669827 195717821 195765826 195813820
174396856 195526309 195574303 195622308 195670302 195718305 195766300 195814304
130969680 195526783 195574788 195622782 195670787 195718780 195766784 195814789
170126242 195527267 195575261 195623266 195671260 195719263 195767268 195815262
147525616 195527747 195575741 195623746 195671740 195719743 195767748 195815742
195817788 195528220 195576225 195624220 195672224 195720229 195768221 195816226
139881344 195528700 195576705 195624700 195672704 195720709 195768701 195816706
164302905 195529189 195577183 195625188 195673182 195721187 195769180 195817184
195972228 195529669 195577663 195625668 195673662 195721667 195769660 195817664
146601653 195530144 195578147 195626141 195674146 195722140 195770145 195818148
145330931 195530624 195578627 195626621 195674626 195722620 195770625 195818628
166930482 195531108 195579100 195627105 195675100 195723104 195771109 195819101
145173186 195531582 195579585 195627580 195675584 195723589 195771583 195819586
175844534 195532066 195580060 195628063 195676068 195724062 195772067 195820061
135965632 195532546 195580540 195628543 195676548 195724542 195772547 195820541
186937679 195533020 195581024 195629027 195677021 195725026 195773020 195821025
187472343 195533500 195581504 195629507 195677501 195725506 195773500 195821505
147456100 195533984 195581989 195629981 195677986 195725980 195773985 195821980
186949022 195534468 195582462 195630467 195678460 195726464 195774469 195822463
173125530 195534948 195582942 195630947 195678940 195726944 195774949 195822943
106023012 195535421 195583426 195631420 195679423 195727428 195775422 195823427
161723349 195535901 195583906 195631900 195679903 195727908 195775902 195823907
168143836 195536380 195584384 195632389 195680383 195728386 195776380 195824385
107173107 195536860 195584864 195632869 195680863 195728866 195776860 195824865
144464527 195537343 195585348 195633342 195681347 195729340 195777344 195825349
107598345 195537823 195585828 195633822 195681827 195729820 195777824 195825829
180652320 195538307 195586301 195634306 195682300 195730305 195778308 195826302
182207471 195538781 195586786 195634780 195682785 195730780 195778782 195826787
147363926 195539265 195587260 195635264 195683269 195731263 195779266 195827260
142187780 195539745 195587740 195635744 195683749 195731743 195779746 195827740
147186757 195540220 195588223 195636228 195684222 195732227 195780221 195828224
109105605 195540700 195588703 195636708 195684702 195732707 195780701 195828704
160430500 195541189 195589181 195637186 195685180 195733185 195781180 195829182
126987009 195541669 195589661 195637666 195685660 195733665 195781660 195829662
155178288 195542142 195590147 195638140 195686144 195734149 195782143 195830148
136282873 195542622 195590627 195638620 195686624 195734629 195782623 195830628
186723873 195543106 195591100 195639103 195687108 195735102 195783107 195831101
176618023 195543580 195591585 195639588 195687582 195735587 195783581 195831586
160753031 195544064 195592069 195640063 195688066 195736060 195784065 195832060
180209728 195544544 195592549 195640543 195688546 195736540 195784545 195832540
125084935 195545028 195593022 195641027 195689020 195737024 195785029 195833023
148641075 195545508 195593502 195641507 195689500 195737504 195785509 195833503
134103203 195545982 195593987 195641981 195689984 195737989 195785983 195833988
197180833 195546466 195594460 195642465 195690460 195738462 195786467 195834461
130784435 195546946 195594940 195642945 195690940 195738942 195786947 195834941
116200960 195547420 195595424 195643429 195691423 195739426 195787420 195835425
139563660 195547900 195595904 195643909 195691903 195739906 195787900 195835905
180697021 195548388 195596382 195644387 195692381 195740386 195788389 195836383
118130498 195548868 195596862 195644867 195692861 195740866 195788869 195836863
127563083 195549341 195597346 195645340 195693345 195741340 195789342 195837347
198188218 195549821 195597826 195645820 195693825 195741820 195789822 195837827
107053977 195550307 195598300 195646304 195694309 195742303 195790308 195838300
188563890 195550781 195598784 195646789 195694783 195742788 195790782 195838785
129209597 195551265 195599268 195647262 195695267 195743261 195791266 195839269
169769690 195551745 195599748 195647742 195695747 195743741 195791746 195839749
141925337 195552229 195600223 195648226 195696220 195744225 195792220 195840224
150088671 195552709 195600703 195648706 195696700 195744705 195792700 195840704
175046220 195553187 195601181 195649184 195697189 195745183 195793188 195841182
146507886 195553667 195601661 195649664 195697669 195745663 195793668 195841662
150944446 195554140 195602145 195650140 195698142 195746147 195794141 195842146
190431717 195554620 195602625 195650620 195698622 195746627 195794621 195842626
180314564 195555104 195603109 195651103 195699106 195747100 195795105 195843100
144950537 195555589 195603583 195651588 195699580 195747585 195795580 195843584
171013522 195556062 195604067 195652061 195700066 195748069 195796063 195844068
138015465 195556542 195604547 195652541 195700546 195748549 195796543 195844548
118726900 195557026 195605020 195653025 195701020 195749022 195797027 195845021
181468042 195557506 195605500 195653505 195701500 195749502 195797507 195845501
138464553 195557980 195605985 195653980 195701984 195749987 195797981 195845986
129448877 195558464 195606469 195654463 195702468 195750462 195798465 195846460
116373920 195558944 195606949 195654943 195702948 195750942 195798945 195846940
103318933 195559428 195607422 195655427 195703421 195751426 195799429 195847423
159910625 195559908 195607902 195655907 195703901 195751906 195799909 195847903
122007824 195560388 195608380 195656385 195704380 195752384 195800389 195848381
150117191 195560868 195608860 195656865 195704860 195752864 195800869 195848861
176960490 195561341 195609344 195657349 195705343 195753348 195801342 195849345
197063012 195561821 195609824 195657829 195705823 195753828 195801822 195849825
143822012 195562305 195610300 195658302 195706307 195754301 195802306 195850300
155017071 195562780 195610784 195658787 195706781 195754786 195802780 195850785
129653209 195563263 195611268 195659260 195707265 195755260 195803264 195851269
190246260 195563743 195611748 195659740 195707745 195755740 195803744 195851749